start=16.815000
sub-scale=2.300000
