start=793.906000
pause=yes
volume=96.000000
sid=5
sub-scale=1.300000
video-aspect-override=1.777778
