start=332.675000
volume=54.000000
